### FOR HOLE ###
FundamentalTolerance:{grades}
A:{9,10,11,12,13}
B:{8,9,10,11,12,13}
C:{8,9,10,11,12,13}
CD:{6,7,8,9,10}
D:{6,7,8,9,10,11,12,13}
E:{5,6,7,8,9,10}
EF:{3,4,5,6,7,8,9,10}
F:{3,4,5,6,7,8,9,10}
FG:{3,4,5,6,7,8,9,10}
G:{3,4,5,6,7,8,9,10}
H:{1,2,3,4,5,6,7,8,9,10,11,12,13,14,15,16,17,18}
J:{6,7,8}
JS:{1,2,3,4,5,6,7,8,9,10,11,12,13,14,15,16,17,18}
K:{3,4,5,6,7,8,9,10}
M:{3,4,5,6,7,8,9,10}
N:{3,4,5,6,7,8,9,10,11}
P:{3,4,5,6,7,8,9,10}
R:{3,4,5,6,7,8,9,10}
S:{3,4,5,6,7,8,9,10}
T:{5,6,7,8}
U:{5,6,7,8,9,10}
V:{5,6,7,8}
X:{5,6,7,8,9,10}
Y:{6,7,8,9,10}
Z:{6,7,8,9,10,11}
ZA:{6,7,8,9,10,11}
ZB:{7,8,9,10,11}
ZC:{7,8,9,10,11}

### FOR SHAFT ###
FundamentalTolerance:{grades}
a:{9,10,11,12,13}
b:{8,9,10,11,12,13}
c:{8,9,10,11,12}
cd:{5,6,7,8,9,10}
d:{5,6,7,8,9,10,11,12,13}
e:{5,6,7,8,9,10}
ef:{3,4,5,6,7,8,9,10}
f:{3,4,5,6,7,8,9,10}
fg:{3,4,5,6,7,8,9,10}
g:{3,4,5,6,7,8,9,10}
h:{1,2,3,4,5,6,7,8,9,10,11,12,13,14,15,16,17,18}
j:{5,6,7,8}
js:{1,2,3,4,5,6,7,8,9,10,11,12,13,14,15,16,17,18}
k:{3,4,5,6,7,8,9,10,11,12,13}
m:{3,4,5,6,7,8,9}
n:{3,4,5,6,7,8,9}
p:{3,4,5,6,7,8,9,10}
r:{3,4,5,6,7,8,9,10}
s:{3,4,5,6,7,8,9,10}
t:{5,6,7,8}
u:{5,6,7,8,9}
v:{5,6,7,8}
x:{5,6,7,8,9,10}
y:{6,7,8,9,10}
za:{6,7,8,9,10,11}
zb:{7,8,9,10,11}
zc:{7,8,9,10,11}
z:{6,7,8,9,10,11}


